2155600.000000 4.19133e+07
1274300.000000 8.83502e+06
619100.000000 1.54901e+06
1264600.000000 8.04925e+06
1041500.000000 4.70536e+06
1441100.000000 1.19878e+07
2023000.000000 3.80593e+07
432000.000000 829704
1678200.000000 1.84101e+07
1139300.000000 6.38542e+06
1301600.000000 8.58645e+06
1818700.000000 2.72087e+07
706600.000000 2.02766e+06
1605200.000000 1.62065e+07
1835000.000000 2.58496e+07
1344400.000000 9.4443e+06
1149700.000000 6.67883e+06
632500.000000 1.68933e+06
1117600.000000 5.80042e+06
972200.000000 4.31286e+06
1318500.000000 9.7619e+06
1601300.000000 1.68315e+07
1751300.000000 2.12941e+07
1579900.000000 1.54664e+07
1323700.000000 8.92879e+06
1734700.000000 2.12168e+07
1332100.000000 1.03156e+07
1384100.000000 1.09983e+07
1150500.000000 6.34711e+06
1944200.000000 3.35343e+07
1311700.000000 9.27792e+06
2025000.000000 3.74282e+07
1257900.000000 8.32314e+06
1896400.000000 2.78145e+07
758500.000000 2.42307e+06
2326800.000000 5.93614e+07
836000.000000 2.97165e+06
1247200.000000 8.15516e+06
1890800.000000 3.11232e+07
945800.000000 3.7135e+06
1065100.000000 5.34337e+06
1364600.000000 1.04751e+07
2717800.000000 1.17219e+08
1078800.000000 5.16296e+06
2078500.000000 4.1263e+07
941400.000000 3.61703e+06
1589700.000000 1.74173e+07
2175600.000000 4.9332e+07
829200.000000 2.85605e+06
2650500.000000 1.07623e+08
2307400.000000 6.19496e+07
1196900.000000 7.46299e+06
1626300.000000 1.72993e+07
909100.000000 3.64038e+06
1804500.000000 2.31823e+07
2042300.000000 3.84568e+07
2177400.000000 5.1021e+07
1616000.000000 1.71191e+07
1436900.000000 1.18993e+07
1204800.000000 7.4662e+06
2752900.000000 1.26242e+08
805100.000000 2.64912e+06
1750300.000000 2.05604e+07
2001200.000000 3.44196e+07
1796600.000000 2.26024e+07
1709300.000000 1.98783e+07
378700.000000 684578
383900.000000 688077
1675200.000000 1.96292e+07
1349200.000000 1.01167e+07
1745600.000000 2.1397e+07
1339900.000000 9.18825e+06
271800.000000 394099
790500.000000 2.82357e+06
1362800.000000 9.83094e+06
585200.000000 1.46181e+06
955700.000000 4.03654e+06
1914500.000000 2.95881e+07
1458000.000000 1.20387e+07
1781500.000000 2.31534e+07
1352000.000000 9.3941e+06
1788000.000000 2.4291e+07
1959400.000000 3.53812e+07
1866300.000000 2.81957e+07
1999000.000000 3.41204e+07
1595700.000000 1.56804e+07
804800.000000 2.66055e+06
1135600.000000 6.16101e+06
2714800.000000 1.19673e+08
1472600.000000 1.28156e+07
1204800.000000 6.78044e+06
2078800.000000 4.34595e+07
921300.000000 3.68627e+06
350300.000000 604142
1847200.000000 2.75315e+07
1749800.000000 2.15347e+07
1055000.000000 5.1153e+06
247800.000000 362952
649800.000000 1.70002e+06
1193800.000000 7.05607e+06
