15 2.46288
25 3.59149
35 4.59985
45 5.37132
55 6.06188
65 6.63376
75 7.17146
85 7.74633
95 8.11751
105 8.47612
115 8.78101
125 9.16862
135 9.57603
145 9.84455
155 10.19
165 10.5651
175 10.9449
185 11.3405
195 11.5833
205 11.7733
215 12.0408
225 12.2132
235 12.4326
245 12.5977
255 12.6773
265 12.797
275 12.9734
285 13.1524
295 13.29
305 13.3825
315 13.5453
325 13.7324
335 13.8897
345 14.1141
355 14.294
365 14.4894
375 14.7272
385 14.9008
395 15.0818
405 15.2482
415 15.4229
425 15.5096
435 15.6263
445 15.7874
455 15.9603
465 16.1334
475 16.2073
485 16.3416
495 16.4828
505 16.6367
515 16.7539
525 16.8907
535 17.0402
545 17.234
555 17.3237
565 17.4521
575 17.6343
585 17.7311
595 17.8483
605 17.9867
615 18.2181
625 18.3384
635 18.4541
645 18.593
655 18.6951
665 18.7619
675 18.8348
685 18.9445
695 19.0779
705 19.213
715 19.3334
725 19.4811
735 19.5383
745 19.618
755 19.7621
765 19.88
775 20.1145
785 20.2491
795 20.3281
805 20.4234
815 20.4932
825 20.5612
835 20.6566
845 20.7996
855 20.8729
865 20.9729
875 21.0479
885 21.1425
895 21.2317
905 21.3224
915 21.4506
925 21.5511
935 21.7035
945 21.8018
955 21.8829
965 21.9797
975 22.0904
985 22.1179
995 22.1555
1005 22.2048
1015 22.2669
1025 22.3856
1035 22.4882
1045 22.6093
1055 22.7314
1065 22.8222
1075 22.9015
1085 22.9836
1095 23.1339
1105 23.2107
1115 23.2492
1125 23.3419
1135 23.4486
1145 23.5075
1155 23.5666
1165 23.6066
1175 23.6369
1185 23.7824
1195 23.9214
1205 24.0329
1215 24.1071
1225 24.2206
1235 24.3
1245 24.3866
1255 24.4637
1265 24.5418
1275 24.6333
1285 24.6967
1295 24.771
1305 24.8473
1315 24.9377
1325 25.0024
1335 25.043
1345 25.0706
1355 25.1311
1365 25.1813
1375 25.2673
1385 25.3262
1395 25.3749
1405 25.4185
1415 25.4838
1425 25.5906
1435 25.6465
1445 25.7358
1455 25.8038
1465 25.8656
1475 25.9121
1485 25.9267
1495 25.9431
1505 25.9623
1515 25.9817
1525 25.9989
1535 26.0655
1545 26.1613
1555 26.1892
1565 26.2195
1575 26.2241
1585 26.3054
1595 26.336
1605 26.3413
1615 26.3711
1625 26.3845
1635 26.3931
1645 26.3935
1655 26.4008
1665 26.4186
1675 26.3743
1685 26.4708
1695 26.5193
1705 26.5591
1715 26.5691
1725 26.5743
1735 26.6375
1745 26.67
1755 26.737
1765 26.786
1775 26.8572
1785 26.9008
1795 26.9415
1805 26.9554
1815 26.9969
1825 27.0318
1835 27.0562
1845 27.0994
1855 27.1292
1865 27.1416
1875 27.1581
1885 27.217
1895 27.2224
1905 27.2254
1915 27.2408
1925 27.2521
1935 27.3254
1945 27.394
1955 27.4305
1965 27.4396
1975 27.4531
1985 27.4546
1995 27.46
2005 27.482
2015 27.5051
2025 27.5562
2035 27.6035
2045 27.6346
2055 27.6419
2065 27.6499
2075 27.6802
2085 27.7026
2095 27.7137
2105 27.7327
2115 27.7961
2125 27.8216
2135 27.8691
2145 27.9511
2155 27.9939
2165 28.0177
2175 28.0336
2185 28.0606
2195 28.0943
2205 28.1188
2215 28.1401
2225 28.1525
2235 28.1931
2245 28.2704
2255 28.3311
2265 28.3912
2275 28.4369
2285 28.4952
2295 28.5312
2305 28.5594
2315 28.5666
2325 28.6204
2335 28.6382
2345 28.6536
2355 28.6576
2365 28.6856
2375 28.708
2385 28.717
2395 28.7743
2405 28.8192
2415 28.8398
2425 28.8667
2435 28.8917
2445 28.9002
2455 28.9312
2465 28.9602
2475 28.9989
2485 29.0298
2495 29.0542
2505 29.1021
2515 29.133
2525 29.1493
2535 29.1689
2545 29.1832
2555 29.175
2565 29.1813
2575 29.194
2585 29.24
2595 29.2523
2605 29.253
2615 29.2596
2625 29.2596
2635 29.2692
2645 29.2701
2655 29.2713
2665 29.2902
2675 29.3295
2685 29.3389
2695 29.3465
2705 29.3732
2715 29.4028
2725 29.415
2735 29.4315
2745 29.4548
2755 29.4658
2765 29.4939
2775 29.5959
2785 29.6033
2795 29.6112
2805 29.6459
2815 29.7008
2825 29.6277
2835 29.645
2845 29.6381
2855 29.6654
2865 29.6962
2875 29.7462
2885 29.7639
2895 29.7741
2905 29.8029
2915 29.833
2925 29.8544
2935 29.8709
2945 29.8944
2955 29.9064
2965 29.8555
2975 29.8565
2985 29.889
2995 29.9041
3005 29.9169
3015 29.9322
3025 29.9398
3035 29.9638
3045 29.9786
3055 29.9849
3065 29.9921
3075 30.0192
3085 30.0953
3095 30.062
3105 30.0871
3115 30.1038
3125 30.1367
3135 30.1455
3145 30.1502
3155 30.1575
3165 30.1833
3175 30.2116
3185 30.2382
3195 30.2463
3205 30.2571
3215 30.26
3225 30.2705
3235 30.2747
3245 30.2788
3255 30.285
3265 30.285
3275 30.2868
3285 30.294
3295 30.316
3305 30.3287
3315 30.3287
3325 30.3287
3335 30.3288
3345 30.338
3355 30.3587
3365 30.381
3375 30.3849
3385 30.3849
3395 30.3861
3405 30.3882
3415 30.3999
3425 30.4274
3435 30.4427
3445 30.4506
3455 30.4534
3465 30.4613
3475 30.471
3485 30.471
3495 30.4919
3505 30.3915
3515 30.3777
3525 30.3778
3535 30.365
3545 30.3705
3555 30.379
3565 30.5514
3575 30.4242
3585 30.5571
3595 30.4593
3605 30.5243
3615 30.5681
3625 30.6153
3635 30.6273
3645 30.6061
3655 30.6209
3665 30.6617
3675 30.5611
3685 30.6757
3695 30.6757
3705 30.6757
3715 30.6835
3725 30.6843
3735 30.6843
3745 30.6843
3755 30.6175
3765 30.6843
3775 30.5777
3785 30.4883
3795 30.4907
3805 30.6894
3815 30.7162
3825 30.7236
3835 30.7236
3845 30.7236
3855 30.7236
3865 30.7236
3875 30.7236
3885 30.7236
3895 30.7236
3905 30.7236
3915 30.7236
3925 30.7236
3935 30.7272
3945 30.7281
3955 30.7281
3965 30.7288
3975 30.7428
3985 30.7485
3995 30.757
4005 30.7635
4015 30.7774
4025 30.7857
4035 30.7926
4045 30.7937
4055 30.7983
4065 30.8292
4075 30.8391
4085 30.8433
4095 30.8548
4105 30.8647
4115 30.8683
4125 30.8696
4135 30.8696
4145 30.8696
4155 30.8696
4165 30.8696
4175 30.8696
4185 30.8696
4195 30.8696
4205 30.8696
4215 30.8696
4225 30.8696
4235 30.8696
4245 30.8705
4255 30.876
4265 30.878
4275 30.8818
4285 30.8895
4295 30.8964
4305 30.8964
4315 30.9056
4325 30.8768
4335 30.8768
4345 30.8812
4355 30.8841
4365 30.8841
4375 30.9006
4385 30.8895
4395 30.9032
4405 30.9166
4415 30.9242
4425 30.9313
4435 30.9355
4445 30.9489
4455 30.9573
4465 30.966
4475 30.9732
4485 30.9911
4495 31.0239
4505 31.0267
4515 31.0319
4525 31.0432
4535 31.1759
4545 31.222
4555 31.25
4565 31.265
4575 31.274
4585 31.2802
4595 31.3091
4605 31.3463
4615 31.3587
4625 31.3182
4635 31.2643
4645 31.2722
4655 31.2895
4665 31.3129
4675 31.3181
4685 31.3382
4695 31.3423
4705 31.3426
4715 31.3464
4725 31.3592
4735 31.3685
4745 31.3873
4755 31.3938
4765 31.4013
4775 31.4177
4785 31.4443
4795 31.4526
4805 31.4947
4815 31.606
4825 31.672
4835 31.6744
4845 31.6754
4855 31.6754
4865 31.7396
4875 31.7789
4885 31.7798
4895 31.7924
4905 31.8143
4915 31.8221
4925 31.8219
4935 31.8404
4945 31.8634
4955 31.8824
4965 31.8932
4975 31.9075
4985 31.9279
4995 31.9442
5005 31.9519
