7068.000336
7417.000352
5127.000244
6826.000324
8954.000425
5368.000255
5798.000275
3491.000166
6197.000294
5726.000272
9750.000463
6676.000317
5380.000256
4531.000215
6535.000310
6678.000317
9318.000443
7026.000334
6301.000299
9086.000432
6612.000314
9495.000451
9283.000441
6735.000320
4907.000233
8628.000410
5727.000272
7509.000357
9200.000437
7683.000365
7067.000336
4863.000231
8278.000393
7334.000348
4376.000208
2871.000136
7519.000357
4675.000222
5634.000268
4785.000227
6928.000329
6354.000302
8798.000418
